[gd_scene load_steps=4 format=3 uid="uid://ky07vj2ypvjb"]

[ext_resource type="PackedScene" uid="uid://ds04mv5fuo2tp" path="res://entities/characters/player/player.tscn" id="1_bn7c8"]
[ext_resource type="Script" uid="uid://b6c33bltr4upv" path="res://stages/dungeon/Dungeon.cs" id="1_vpsxs"]

[sub_resource type="BoxMesh" id="BoxMesh_vpsxs"]
size = Vector3(9, 1, 6)

[node name="Dungeon" type="Node3D"]
script = ExtResource("1_vpsxs")

[node name="DirectionalLight3D" type="DirectionalLight3D" parent="."]
transform = Transform3D(-0.866025, -0.433013, 0.25, 0, 0.5, 0.866025, -0.5, 0.75, -0.433013, 0, 1.80554, 0)
shadow_enabled = true

[node name="Player" parent="." instance=ExtResource("1_bn7c8")]
visible = false

[node name="MeshInstance3D" type="MeshInstance3D" parent="."]
transform = Transform3D(1, 0, 0, 0, 1, 0, 0, 0, 1, 0, -0.5, 0)
mesh = SubResource("BoxMesh_vpsxs")

[node name="CameraRig" type="Node3D" parent="."]
transform = Transform3D(0.707107, 0, 0.707107, 0, 1, 0, -0.707107, 0, 0.707107, 0, 20, 0)

[node name="Camera3D" type="Camera3D" parent="CameraRig"]
transform = Transform3D(1, 0, 0, 0, 0.707107, 0.707107, 0, -0.707107, 0.707107, 0, 0, 20)
projection = 1
size = 11.048
